64
80
35
48
54
2
21
94
29
68
9
51
14
0
6
13
0
61
51
11
18
27
24
100
28
86
25
38
0
84
30
59
36
46
15
46
71
20
79
4
54
23
2
101
103
75
4
38
23
26
23
86
48
41
56
23
40
31
18
54
87
87
83
46
52
64
61
7
67
84
71
52
63
90
44
31
18
15
46
5
51
89
93
0
60
55
47
7
89
92
91
95
36
90
21
23
86
22
62
48
34
61
36
48
41
90
49
82
19
7
28
4
25
21
75
84
87
66
9
75
87
45
9
83
83
81
23
70
88
4
64
80
35
48
54
2
21
94
29
65
9
45
14
0
6
13
7
61
51
11
18
27
24
100
28
86
25
38
0
84
30
59
36
46
15
47
64
20
79
4
54
18
2
101
103
74
4
46
23
26
23
86
48
41
56
23
40
31
20
54
87
87
83
46
48
64
68
7
67
94
71
52
57
89
44
31
18
15
36
5
51
89
93
0
60
55
47
7
89
92
94
95
36
90
21
23
86
22
62
48
42
61
36
48
47
90
44
78
19
7
28
9
25
21
75
93
88
66
9
75
87
45
9
77
83
81
22
66
88
4
64
80
35
48
45
2
20
94
36
68
9
39
14
0
6
13
0
52
43
11
18
27
25
94
20
84
25
38
9
79
30
59
42
44
20
44
71
20
79
4
54
18
10
93
103
75
1
38
29
26
23
86
48
41
56
23
41
38
19
54
80
87
83
40
52
64
61
7
67
77
71
51
63
90
44
27
8
15
46
5
51
95
93
8
60
55
47
12
89
92
83
95
36
82
21
23
87
22
62
54
42
61
36
48
41
90
49
82
19
0
28
4
25
21
75
82
88
66
9
59
87
45
9
83
83
81
30
70
80
4
64
73
26
51
53
15
10
76
27
75
0
45
18
1
9
20
0
65
37
11
21
14
24
103
36
95
24
33
10
78
38
73
27
46
15
36
73
32
76
4
62
4
8
78
103
67
11
33
23
42
35
83
51
48
56
22
52
22
36
63
82
85
83
41
32
64
45
4
62
84
69
56
68
96
33
39
31
22
46
5
51
97
93
4
59
46
52
0
84
95
95
92
36
94
19
23
97
32
62
49
50
69
36
58
48
93
41
90
19
7
28
4
11
29
75
73
94
58
0
85
75
45
15
77
91
84
15
71
82
0
64
73
38
48
57
11
16
85
12
70
4
45
14
0
6
29
0
70
42
19
18
26
15
94
27
88
26
31
9
85
37
59
37
53
24
38
71
33
79
7
54
9
6
96
112
76
9
30
18
33
22
86
42
43
56
18
48
31
26
69
77
85
82
40
44
64
45
12
76
85
77
52
71
90
35
30
26
14
46
6
39
87
80
14
60
46
52
8
89
99
98
88
36
90
21
23
85
34
62
47
56
58
34
53
62
99
51
74
23
7
34
4
18
18
75
70
93
66
9
83
87
45
12
62
72
76
13
73
80
0
64
73
26
50
53
21
15
75
27
65
0
45
18
1
9
19
0
65
37
11
13
14
24
94
36
95
24
33
10
78
30
73
27
46
15
36
73
32
77
4
62
4
8
78
94
76
11
33
23
42
35
83
42
48
56
13
52
22
36
63
82
85
83
45
26
64
45
7
62
84
69
56
68
96
33
39
31
22
46
5
51
97
93
4
59
49
52
0
84
95
95
92
36
94
19
30
98
32
62
49
50
69
36
58
48
93
50
90
19
7
21
4
11
29
75
73
94
58
0
85
75
45
18
77
91
84
15
71
82
0
64
2
76
28
97
77
47
37
49
97
50
66
48
41
78
72
36
47
47
19
65
63
57
45
34
81
25
57
14
25
20
55
92
82
85
3
3
87
41
105
46
30
33
43
92
62
0
25
38
19
64
16
52
76
76
44
38
44
88
18
47
89
32
28
77
64
14
77
69
46
78
65
47
98
72
54
38
25
42
50
67
80
101
34
78
61
95
93
97
93
57
65
72
87
37
35
61
104
95
53
76
89
31
88
37
68
32
20
94
25
37
9
7
83
31
29
59
52
27
78
77
27
78
74
91
5
93
67
58
28
64
9
76
28
97
77
47
37
58
97
50
66
48
41
78
72
36
42
57
19
65
63
57
45
34
81
25
57
14
25
20
45
92
82
85
3
3
87
41
105
46
30
31
43
84
62
0
25
38
19
64
17
52
90
76
44
38
44
88
18
47
89
32
28
77
64
14
77
69
49
78
72
47
98
72
54
38
22
42
50
67
80
109
34
78
66
95
93
97
103
57
65
72
87
37
29
61
104
95
53
76
89
31
88
27
72
24
20
94
25
37
9
7
83
31
29
60
58
27
78
77
27
78
74
91
5
93
67
58
28
64
73
39
44
65
6
26
95
27
65
4
45
13
0
11
20
9
61
43
15
9
22
27
86
29
95
25
32
1
84
35
59
43
41
15
46
63
24
79
0
54
9
8
110
104
70
4
42
23
33
17
102
48
43
56
23
59
33
33
67
79
85
83
44
36
64
38
12
73
91
71
52
82
80
28
30
9
14
45
4
46
87
93
0
55
55
48
0
90
92
91
78
36
101
21
23
86
32
62
48
42
61
29
52
54
90
43
74
19
7
28
4
24
18
77
73
83
71
3
85
78
67
2
68
83
81
19
62
80
4
64
73
39
44
65
15
26
97
27
67
4
45
18
9
11
20
9
61
43
15
9
22
27
86
40
97
25
32
1
84
35
59
43
41
15
46
63
30
79
0
54
9
8
103
104
70
4
42
23
33
17
102
48
43
48
23
55
38
37
67
79
85
75
44
36
64
38
12
73
91
71
52
82
80
38
30
9
10
45
4
49
87
93
5
55
53
48
7
90
92
91
75
36
101
24
23
86
32
54
48
42
64
43
44
54
90
43
74
19
7
19
4
24
18
77
73
81
63
3
85
77
76
2
68
83
81
19
62
78
4
64
2
92
28
89
80
47
38
58
97
54
65
48
38
91
71
36
48
58
19
65
66
57
51
21
88
25
47
14
34
19
46
79
71
79
7
0
87
46
97
45
19
31
36
94
62
0
25
29
19
77
10
52
85
84
44
39
50
84
9
47
100
32
38
81
64
16
83
69
48
78
72
55
98
67
56
38
22
42
54
67
70
99
18
84
52
99
88
94
103
50
65
72
92
39
33
61
98
97
53
76
80
33
88
27
65
20
20
85
25
31
12
7
83
22
19
60
49
37
78
77
26
76
74
86
4
97
54
59
28
64
80
35
48
54
2
16
94
29
76
9
45
14
0
6
13
0
70
52
6
18
27
24
94
24
86
25
26
0
84
30
59
39
46
15
48
71
32
79
0
54
18
8
101
103
66
4
38
23
20
23
86
48
44
58
23
40
31
18
55
87
87
83
46
52
64
61
7
59
84
69
52
61
90
44
27
18
14
46
5
51
87
90
0
60
55
47
7
89
93
107
95
36
90
21
23
86
32
62
48
42
61
36
48
41
90
49
82
19
7
30
4
25
21
75
82
88
66
9
65
87
45
18
83
83
81
22
51
80
0
64
0
83
32
93
77
47
37
61
97
58
54
48
41
83
72
26
42
58
30
67
65
57
45
38
88
32
66
14
25
20
46
92
79
88
7
10
89
49
103
51
35
41
36
90
62
0
18
29
19
71
19
52
85
84
44
38
42
88
9
47
89
32
38
77
64
14
89
62
49
78
72
47
107
67
57
43
22
42
54
67
89
99
28
84
52
89
93
97
108
50
71
79
89
40
50
61
98
97
53
76
86
39
88
37
65
24
20
94
25
28
12
7
83
31
19
60
55
28
78
77
25
76
74
91
13
89
60
58
29
64
73
26
54
54
18
10
77
27
75
0
45
9
0
5
21
0
72
27
11
44
27
20
89
20
86
24
33
10
72
38
71
36
51
7
39
71
28
86
6
55
18
8
79
96
82
11
37
17
42
23
93
52
42
56
31
52
30
36
63
87
90
83
45
38
64
45
0
59
78
69
56
73
96
38
36
18
18
42
5
51
97
93
0
73
45
52
0
81
95
97
89
35
105
19
23
95
30
56
49
50
61
36
58
45
93
43
93
28
7
28
4
7
26
75
74
88
66
9
85
87
41
12
77
98
80
15
69
78
4
64
0
83
35
98
77
47
37
61
97
58
54
48
41
83
72
26
42
58
30
65
65
57
45
38
88
32
66
14
25
20
46
92
79
88
7
10
89
49
97
51
29
41
43
90
62
0
18
24
27
66
19
52
85
84
44
38
42
88
9
47
89
32
38
77
64
14
98
62
49
78
64
47
107
67
49
38
15
42
54
67
89
99
34
84
52
89
89
97
103
50
71
79
89
40
46
61
98
97
50
79
86
39
88
37
65
24
20
94
25
37
5
10
83
21
19
60
55
28
78
77
26
69
74
91
13
89
60
58
22
64
86
35
48
46
2
23
94
43
68
9
39
14
0
6
19
0
57
43
2
18
27
21
94
15
84
25
38
6
84
30
55
49
44
15
44
71
20
88
4
54
18
10
97
103
75
1
33
29
26
23
86
46
41
56
24
40
28
18
54
87
87
83
45
52
64
61
7
67
77
71
51
63
86
44
27
8
15
46
5
51
95
93
8
60
51
47
12
89
92
73
95
36
90
21
23
86
22
62
54
42
61
36
48
36
90
49
82
19
0
18
4
16
21
75
82
88
66
9
59
87
45
9
89
83
81
30
70
80
4
64
73
39
44
65
15
26
102
27
65
4
47
18
0
11
20
9
61
43
15
9
22
27
86
40
89
25
32
1
84
35
59
43
41
15
46
63
30
79
0
54
9
8
103
95
70
4
42
23
33
17
102
48
43
48
23
55
38
33
67
79
85
83
44
36
64
38
12
73
100
71
52
82
80
38
30
9
10
45
4
49
87
93
0
55
53
48
0
90
92
91
78
36
101
24
24
86
32
62
48
42
61
36
52
54
90
43
74
19
15
28
4
24
18
77
73
83
63
3
80
77
67
2
68
83
81
19
62
78
4
64
73
26
51
53
21
10
75
27
75
8
45
18
1
9
20
0
65
37
11
21
14
24
94
36
95
24
33
10
78
35
73
27
46
15
36
71
32
76
4
62
9
8
74
103
76
11
33
32
42
35
83
48
48
56
13
52
22
36
63
87
85
83
45
32
64
36
4
62
84
69
56
68
96
33
39
35
22
46
5
51
101
93
0
60
46
52
0
79
95
95
92
36
91
19
23
97
32
62
49
50
69
36
58
48
93
50
90
19
7
23
4
11
21
75
73
94
74
0
85
82
45
18
77
91
80
15
71
82
0
64
2
83
18
98
89
51
47
61
101
66
55
48
34
82
63
36
48
66
19
69
63
46
45
30
88
25
57
14
24
20
46
90
79
97
7
16
87
49
99
48
33
35
29
90
62
12
22
23
19
67
26
52
85
84
50
47
38
98
9
53
89
37
38
77
64
14
81
69
52
86
59
39
98
67
70
38
17
51
52
67
80
99
34
95
41
102
93
97
94
52
65
72
88
39
38
57
107
89
53
76
86
39
88
43
60
24
24
84
31
40
12
4
83
43
20
55
55
33
86
69
20
66
65
91
13
90
60
58
31
64
73
38
48
57
11
16
93
20
65
4
45
14
1
6
28
0
77
43
13
18
26
15
85
27
88
25
31
9
93
37
59
37
51
18
46
67
33
79
4
54
9
8
96
104
75
9
38
18
33
22
86
42
43
56
14
52
31
26
63
76
85
82
40
44
64
43
12
85
86
77
52
71
90
41
30
31
14
46
5
47
81
86
14
60
55
47
0
89
100
92
88
36
90
21
23
95
35
62
48
49
58
36
48
62
90
43
74
23
7
34
4
28
18
75
70
93
66
9
83
87
45
8
62
79
80
13
77
75
0
64
2
92
28
98
80
47
38
58
97
54
65
48
41
91
71
36
48
58
19
65
65
57
51
21
88
25
47
14
34
19
46
85
71
79
7
6
87
46
97
45
19
41
36
85
62
0
19
29
19
71
10
52
85
84
44
39
50
84
9
47
100
32
38
81
64
16
83
59
50
78
72
55
91
76
56
38
22
36
54
67
70
107
18
84
52
99
93
94
103
50
65
72
89
39
33
61
98
90
53
76
70
33
88
27
65
20
20
78
25
31
12
7
83
31
19
60
58
37
78
77
26
76
74
80
4
97
54
53
28
64
79
26
54
57
18
10
81
27
75
4
45
9
1
5
20
0
72
27
11
35
23
33
96
27
86
24
34
10
84
38
71
36
48
11
39
71
32
86
4
62
18
8
76
88
75
11
29
23
42
23
88
41
42
56
29
52
20
37
54
87
85
75
45
38
64
45
4
59
84
69
56
73
96
30
39
12
18
42
5
51
97
93
0
73
46
48
0
81
95
97
89
35
113
19
26
95
36
56
49
50
61
36
58
48
93
44
90
28
2
28
4
7
26
75
74
88
62
9
85
87
39
18
77
98
80
15
69
82
4
64
80
35
48
54
2
21
94
29
68
9
41
14
0
6
13
7
61
51
11
18
27
24
100
28
86
25
38
0
84
30
59
34
46
15
40
64
20
79
4
54
18
2
101
103
75
4
38
23
17
23
86
48
41
56
30
40
31
23
54
87
87
83
46
52
64
68
7
67
87
71
52
57
90
44
31
18
15
36
5
51
89
93
5
60
55
47
7
91
92
91
95
36
90
21
23
86
22
62
48
42
61
36
48
41
90
49
82
19
7
28
4
25
17
75
93
88
66
9
75
87
45
9
83
83
81
22
70
94
4
64
73
35
48
54
3
16
94
25
68
4
38
14
0
8
13
0
70
43
3
8
27
24
94
27
86
25
31
0
84
33
59
36
45
15
46
71
28
79
4
54
9
8
101
103
76
4
38
23
35
23
86
48
49
56
23
40
31
18
54
87
87
83
52
52
64
61
7
67
84
60
52
63
90
44
27
18
4
46
5
51
89
93
0
60
55
53
7
89
92
91
95
36
90
21
23
86
32
62
48
42
61
36
48
43
90
49
82
19
7
28
4
32
20
75
75
88
66
9
75
87
45
18
83
83
81
22
61
80
4
64
48
35
52
72
26
48
62
33
78
37
49
32
93
39
55
32
1
33
89
25
54
0
54
89
56
15
42
61
86
15
64
24
84
40
82
57
88
39
3
23
60
12
90
39
19
36
2
65
77
11
61
34
57
18
9
47
85
71
6
17
0
0
47
59
64
69
30
49
52
51
7
47
78
20
65
61
23
9
7
61
13
13
68
83
68
63
36
71
63
31
43
67
9
15
98
9
60
74
27
65
88
86
49
11
75
64
74
6
91
62
80
29
65
10
94
89
36
16
72
0
38
65
92
21
18
44
30
60
13
64
73
34
51
57
21
10
81
27
75
0
45
18
1
9
29
5
72
37
3
21
14
24
94
36
86
24
33
10
84
38
73
27
46
8
37
71
32
79
4
62
9
8
69
105
76
11
28
23
42
35
83
48
48
56
13
52
22
36
63
87
90
83
45
32
64
45
4
62
84
69
56
68
96
33
43
26
18
46
5
51
97
93
0
60
46
52
0
84
95
103
92
36
91
19
23
95
32
62
52
50
69
36
58
48
93
50
90
19
7
28
4
11
21
66
73
88
66
9
85
82
45
18
86
91
84
15
71
82
0
64
9
86
35
98
77
47
42
61
97
58
54
48
41
83
72
26
42
58
30
65
65
57
42
38
88
32
70
14
25
20
48
92
79
88
7
10
89
48
89
51
29
41
43
90
62
0
18
24
27
71
19
52
85
84
44
38
42
88
9
47
89
32
38
77
64
14
98
62
49
77
64
47
107
67
57
38
14
42
54
58
89
99
34
84
52
89
93
97
103
50
71
79
89
40
46
61
98
97
50
79
86
39
88
37
65
24
20
94
22
37
5
7
83
31
19
60
55
28
78
77
26
76
74
100
13
89
60
58
22
64
48
27
52
63
26
52
60
24
87
37
49
32
93
47
52
32
0
33
90
19
54
0
54
80
56
15
46
61
86
15
54
24
84
48
84
41
94
18
11
10
60
22
81
39
17
46
0
74
78
11
47
32
57
29
9
38
87
75
6
17
0
5
56
59
64
74
30
55
59
61
7
47
81
20
65
51
30
13
7
61
21
13
58
83
70
63
36
75
60
31
43
67
16
15
92
9
60
74
24
61
88
93
49
19
75
66
70
2
88
67
64
29
65
10
94
81
36
25
72
1
38
63
92
21
18
39
34
58
22
64
73
38
48
57
11
16
85
12
65
4
45
14
0
6
29
0
70
42
19
18
26
15
94
27
88
26
31
9
85
44
59
37
51
24
46
71
33
74
7
55
9
4
96
112
76
9
38
18
33
22
86
42
43
56
18
48
31
26
69
77
85
82
40
44
64
45
12
76
85
77
52
71
90
35
30
26
5
46
6
39
87
80
14
60
46
47
8
89
100
92
88
36
90
21
23
85
38
62
47
49
58
34
53
62
99
51
74
23
11
42
4
18
18
75
70
93
66
9
83
87
45
8
62
72
76
13
73
80
0
64
80
35
48
54
2
16
94
29
76
9
40
14
0
6
13
0
70
52
6
18
27
24
94
24
86
25
31
0
84
30
59
36
46
15
48
71
28
79
4
54
18
7
101
103
75
4
38
23
33
23
86
48
44
58
23
40
31
18
54
87
87
83
46
52
64
61
7
67
84
69
52
61
90
41
27
18
14
46
5
51
87
94
0
60
46
47
0
89
93
98
95
36
90
21
23
86
32
62
48
39
61
36
48
41
90
49
82
19
7
30
4
25
26
75
82
88
61
9
65
87
45
25
83
83
81
22
51
80
4
64
73
26
51
57
21
10
75
27
74
0
45
18
1
9
20
5
75
37
11
21
14
24
94
36
77
24
33
10
84
38
73
27
46
15
38
71
32
79
4
62
9
8
78
105
76
5
33
23
42
35
83
48
48
56
16
52
13
36
63
87
85
76
45
32
64
45
4
62
80
69
56
68
96
33
39
26
22
46
5
51
97
93
0
60
46
52
0
84
95
95
92
40
91
19
23
97
32
62
49
50
69
26
58
48
93
50
90
19
7
28
4
11
21
66
73
94
66
0
85
82
45
18
82
91
84
15
71
82
0
64
48
34
52
63
26
52
62
24
81
37
49
29
93
39
57
32
1
33
86
19
44
0
54
80
56
15
46
61
86
15
61
24
84
40
84
41
84
18
11
10
60
22
81
39
17
46
0
79
78
19
40
32
57
29
9
38
85
71
3
14
0
0
47
59
64
74
30
55
57
61
9
47
81
20
65
61
30
13
7
61
13
13
64
83
67
63
36
71
63
24
43
67
16
15
92
9
60
74
27
66
88
93
49
23
75
62
73
2
91
67
72
36
67
10
94
81
36
25
72
1
38
63
92
23
18
39
34
58
13
64
73
38
48
64
11
16
94
30
65
4
45
14
0
6
20
0
64
45
7
18
26
15
89
27
88
25
31
16
84
30
59
36
58
17
46
71
41
79
4
54
9
11
96
104
70
9
43
23
33
22
76
48
43
56
18
48
34
26
63
77
85
82
41
44
64
45
12
78
74
77
52
71
80
38
37
18
14
54
5
42
87
89
14
60
55
47
0
89
100
92
89
36
98
21
23
90
32
62
46
42
58
45
48
56
90
43
74
19
7
34
4
28
18
75
72
93
66
9
83
87
45
12
62
79
76
13
70
80
0
64
2
76
28
84
77
47
30
58
97
43
66
40
41
78
72
43
42
57
19
65
63
57
45
34
81
25
57
14
25
20
55
92
82
85
3
3
87
41
105
54
21
41
43
92
62
0
27
38
19
64
16
56
86
76
44
37
52
88
25
47
89
32
38
77
64
14
83
69
49
78
72
47
98
72
54
38
22
42
50
67
80
101
34
84
57
95
93
97
103
50
65
72
89
46
35
61
98
95
53
76
96
30
88
37
72
24
20
94
25
37
12
7
83
31
35
60
58
17
78
77
27
78
74
91
5
93
62
58
28
64
2
83
28
98
77
46
38
58
97
56
64
48
41
91
71
36
42
58
19
65
65
57
51
21
96
25
47
14
34
20
46
92
71
79
7
3
87
46
97
51
29
41
36
90
62
0
25
29
19
71
10
46
77
84
44
29
47
95
9
47
92
32
38
77
64
10
83
69
49
85
72
55
98
67
56
38
22
42
54
61
70
101
24
77
52
99
93
97
103
49
65
72
89
39
28
61
98
97
53
76
85
33
88
37
74
23
20
85
33
37
12
7
87
31
29
60
58
37
78
77
26
76
74
91
13
97
60
67
28
64
80
35
48
54
2
21
94
36
68
9
39
14
0
6
18
0
70
43
11
18
27
21
94
20
86
32
38
0
84
30
59
46
52
18
40
71
13
79
4
61
18
10
91
94
73
1
38
23
26
23
76
48
35
56
23
38
31
18
54
87
87
83
40
52
64
55
5
67
77
71
51
63
90
44
27
8
15
40
5
51
89
93
15
60
55
47
12
89
92
83
94
36
90
22
23
85
22
62
48
42
64
36
48
41
90
49
82
19
0
28
4
25
21
72
82
88
66
2
59
87
45
3
83
83
81
23
70
80
4
64
73
38
48
57
11
16
93
20
59
4
45
14
1
6
28
0
77
43
13
22
26
15
85
27
88
25
36
9
93
37
59
36
56
8
46
67
33
79
4
63
9
8
96
104
75
9
37
18
33
22
86
42
43
56
23
52
31
26
63
77
85
82
40
44
64
45
12
76
84
77
52
71
90
35
30
31
14
46
0
47
81
93
14
60
55
47
0
89
100
92
88
36
90
21
23
95
35
62
48
49
58
36
48
62
90
43
74
17
7
34
4
28
17
75
70
93
74
9
83
87
45
8
62
79
76
13
73
80
0
64
80
35
48
46
2
23
94
43
68
9
44
14
0
6
13
0
62
43
2
21
27
21
94
15
84
25
38
0
84
30
55
57
45
15
44
71
20
88
4
54
18
10
93
103
75
1
38
29
26
23
86
45
41
56
24
40
28
18
54
87
87
86
40
52
64
61
7
67
77
62
51
63
90
44
27
8
15
50
13
51
95
93
8
60
55
56
12
89
92
83
95
36
90
21
23
86
22
62
54
42
61
36
48
36
87
49
82
19
0
28
4
25
21
75
82
88
66
9
59
87
45
9
75
83
81
30
70
77
4
64
73
26
47
57
21
10
90
27
71
0
45
18
1
15
11
0
72
37
11
27
28
24
89
27
86
19
33
10
78
28
71
31
46
15
37
86
32
79
4
62
9
8
78
105
76
6
36
23
42
35
83
48
48
63
23
52
22
36
63
86
85
83
42
30
64
45
4
62
84
69
56
71
96
38
39
26
18
51
5
51
92
86
0
60
46
60
0
84
93
95
92
36
91
19
23
95
32
62
49
50
69
36
48
49
101
50
80
19
7
28
4
29
21
66
73
88
66
9
85
82
45
18
64
95
80
12
71
82
0
64
2
83
28
98
80
46
38
58
97
56
65
48
41
91
63
36
48
58
19
65
65
57
51
21
88
25
51
14
34
20
46
85
71
79
7
3
87
46
97
45
19
41
36
85
62
0
25
29
19
71
10
52
85
90
44
39
50
87
9
47
92
32
38
77
64
10
83
69
50
78
72
55
98
67
50
42
22
42
54
67
70
105
18
84
52
99
93
94
103
50
65
72
89
29
33
61
98
97
53
76
80
33
88
37
65
21
20
85
25
37
12
7
83
32
19
60
58
37
78
77
26
76
74
86
4
97
63
62
28
